[[1.4379038913808577,
  0.012247068984369343,
  1.666466083771106,
  791.4711675,
  5.478969135075574e-22],
 [0.8710320580004877,
  0.009378481944649611,
  1.5154699228158548,
  795.51084875,
  7.540396940556314e-20],
 [0.4192465621553039,
  0.010485962288359041,
  1.2982519714793528,
  784.79754875,
  2.3332217602240204e-18],
 [2.559002100990856,
  0.007389441036249771,
  1.6005894593208283,
  541.665855,
  2.0210563527309057e-26],
 [0.3068070236559557,
  0.007887670184397715,
  1.5959050287544898,
  483.71780625,
  2.1041819532127068e-19],
 [6.79689515778394,
  0.016944306686844587,
  1.5908177745646332,
  488.62354625,
  1.594648822830302e-30],
 [1.141541019091855,
  0.012925582999649618,
  0.6780078233666179,
  772.9903390838363,
  0.00027555307898845054],
 [3.079725717872123,
  0.01397548069202266,
  0.5509869146346004,
  835.2616138434423,
  4.28307881640034e-07],
 [8.923209450932594,
  0.01442621507860899,
  0.895242861942934,
  748.3091812494498,
  4.4233935039437723e-13],
 [0.7586920646843696,
  0.0081541638931756,
  0.6935350218096004,
  681.0499871616013,
  0.000295251313872418],
 [0.7186677829593544,
  0.011217945156983709,
  0.5610071978122074,
  645.2345244745827,
  0.1131646267525065],
 [1.43391289866408,
  0.013197091593347752,
  0.8334268822478497,
  604.4150399952109,
  1.3792962832507149e-12],
 [1.1720946352567616,
  0.008477491597057973,
  1.122663825186859,
  397.1266711274474,
  1.976515361546817e-10],
 [0.7642627135857473,
  0.017547385759612108,
  0.7959418826559345,
  528.1707149999174,
  8.300977794391419e-15],
 [1.5489805787490702,
  0.014768631010177833,
  0.5527010776958408,
  657.2808332344663,
  1.1073810199193107e-07],
 [0.2749680576674181,
  0.012655171107348552,
  0.7906313138919329,
  513.98706625,
  0.0],
 [9.772935255532781,
  0.016249357647509406,
  0.7698190248092409,
  669.4869474998882,
  9.873046988264428e-14],
 [7.413885458002846,
  0.021638939030326685,
  0.3624626854667319,
  823.4675655681331,
  0.00023847391217461113],
 [0.7099813622601303,
  0.010320694008105145,
  0.4443040737437587,
  416.048791677513,
  0.272143976102891],
 [2.541050989088531,
  0.02573360277336936,
  0.9662456041002305,
  389.03005625,
  3.137875435524942e-21],
 [2.461137010989064,
  0.01454502844053571,
  0.3450173776890435,
  433.39223885861963,
  0.2969097254377556],
 [1.774257240232891,
  0.022692033801014498,
  0.561865913663546,
  543.6577162336808,
  5.360088263521419e-09],
 [4.880631639391638,
  0.020406036226665505,
  0.23132286384804163,
  724.9430593966765,
  0.03729922431386081],
 [1.5099501806085844,
  0.014276206770266071,
  0.22037485753328323,
  302.59179880148486,
  0.48237664121721896],
 [6.50801079279983,
  0.02459767561257139,
  0.4766128684793627,
  626.3730325683472,
  1.3254899235955024e-09],
 [2.8532906999388645,
  0.023162640691009612,
  0.28481006060750996,
  663.696721686071,
  2.9372162879559115e-09],
 [18.899740984952015,
  0.021102345974777757,
  0.5560370253575693,
  761.7585023627021,
  6.316633774316112e-07],
 [1.1896908473952865,
  0.021389717112742308,
  0.8621049329853048,
  320.4408999999139,
  1.3311592636019988e-13],
 [2.7208008500030534,
  0.010565193997907736,
  0.45673002109731853,
  552.1862658412531,
  1.7192225062927732e-07],
 [5.349848377798881,
  0.026384953862659863,
  0.6870906531596427,
  462.4596275,
  1.2435767364212407e-17],
 [0.7958399310771368,
  0.008137859235019387,
  0.772552334270133,
  352.29366965660256,
  0.009014028521945326],
 [2.8587813454105664,
  0.021878295843195887,
  0.3594357358039808,
  581.7680040583803,
  0.00020660275477326777],
 [1.7024545581615327,
  0.014127852695912614,
  0.6340947395311335,
  391.2080587499971,
  7.15881369580254e-15],
 [4.681158975744595,
  0.014844924672899225,
  0.6061413576834872,
  442.6599549999992,
  1.5497814273286429e-15],
 [2.3522548737293834,
  0.009572142473037604,
  1.0832251212879402,
  161.41949875,
  2.7889582983004577e-19],
 [9.47808034769666,
  0.015973803264747472,
  0.20416122554375235,
  706.6087597015753,
  0.0006967290588449175],
 [4.848514340587311,
  0.024445641401152438,
  0.13851634392809348,
  97.56677768592093,
  0.670043205855306],
 [4.379269516641311,
  0.017795825487528113,
  0.6404015323139912,
  382.99251875,
  1.2679607914699391e-17],
 [7.03794691737714,
  0.01358737318485291,
  0.23243426342268342,
  632.8757476089455,
  0.00018477506307209782],
 [5.516285671856751,
  0.018644768844309045,
  0.1837029042250108,
  350.0839947889211,
  0.3226398489373163],
 [2.201712667560361,
  0.01935103011634001,
  0.8464926194136893,
  231.17353375,
  1.0781222944352498e-21],
 [6.052874596726163,
  0.017521307907689302,
  0.208326696956233,
  601.1086518973492,
  0.00023891489124692312],
 [5.105590103028953,
  0.02869643439316668,
  0.3449927977401871,
  494.8750443846269,
  3.998303869414694e-06],
 [7.138007847257484,
  0.02017956351550641,
  0.4104938788304746,
  495.701928749694,
  5.431297769338046e-13],
 [4.045126940002116,
  0.013185318237054915,
  0.8098959228041072,
  249.83202875,
  3.028687132453103e-17],
 [19.92185922419707,
  0.027526245469237865,
  0.312911127830565,
  736.6882731868559,
  8.343852536289986e-09],
 [17.875752557278787,
  0.029152155274720416,
  0.4338740716703454,
  640.656177499992,
  7.141204756613172e-15],
 [27.52327635121121,
  0.02408620102229732,
  0.50024831906338,
  760.0473807973812,
  7.470808862203763e-06],
 [5.8456568691529744,
  0.01830059914048151,
  1.1844485716794932,
  71.039765,
  2.516348803217246e-27],
 [4.861662143290453,
  0.017565859933825097,
  0.3975580533780061,
  440.1134740591181,
  4.4024853019754937e-07],
 [14.998225734983183,
  0.023538126913926097,
  0.11208261230091773,
  699.1712614522938,
  0.03309758235628672],
 [5.977627351007495,
  0.0068,
  0.04155800789661503,
  142.24338048834676,
  0.5585142828836306],
 [2.251843103411028,
  0.01322569332292142,
  0.35453368444826094,
  368.6236680456324,
  6.428463578464455e-08],
 [24.027955173112566,
  0.02391245017369353,
  0.22848471285801925,
  754.3001876823969,
  0.004337945339934568],
 [2.575674010811035,
  0.009305752992784973,
  0.7528688788496459,
  165.2714124967457,
  1.2784272691043899e-11],
 [4.2148548570502475,
  0.016996176131976317,
  0.536717681040991,
  290.77195999999356,
  1.4687853106590728e-14],
 [9.104641902757633,
  0.020694334568632202,
  0.14751998592656243,
  65.20467093910203,
  0.5902424791993587],
 [20.298551628822565,
  0.01593827323712482,
  0.026981378890077942,
  3.9006031833313726,
  0.9433704808817382],
 [14.53744254192357,
  0.02235561135657009,
  0.3163431752338349,
  544.8314315318281,
  9.412073683830196e-09],
 [5.202833032547976,
  0.022596235871183194,
  0.30981614130834184,
  371.5421349605846,
  9.428731963919647e-11],
 [6.1536484430348395,
  0.007499345730325433,
  0.10373326361907234,
  501.03500728590564,
  0.0013023574173264298],
 [20.695778815259963,
  0.023070202355102078,
  0.09773155384124094,
  431.72445426108044,
  0.3374502389066023],
 [4.781621953665214,
  0.012517689595929558,
  0.3515322443684593,
  315.3905184503291,
  1.4572742816823406e-08],
 [6.9356162478368555,
  0.01937157840462919,
  0.21330800461434618,
  194.26049589315917,
  0.2514955035330365],
 [3.0989684256624708,
  0.027421739530628726,
  0.7146152093537833,
  55.8212175,
  2.3473253868392988e-21],
 [26.965530671089223,
  0.02442002916358837,
  0.14900926753399474,
  660.0218435964485,
  0.06459409706757219],
 [12.025208096904601,
  0.026511209396586844,
  0.28172263457620084,
  400.69770725134873,
  1.9049804416933594e-06],
 [4.912351334286802,
  0.01273521181421189,
  0.7493525684110525,
  55.899775,
  7.926882459140379e-20],
 [5.151728522789225,
  0.02023752543881735,
  0.7297217105158993,
  62.840221249999985,
  1.1580799608692154e-16],
 [32.99578666213769,
  0.02962939145209359,
  0.09122177992540076,
  16.5600791632721,
  0.9458400962847925],
 [8.084801814833204,
  0.018425948279745953,
  0.3247738147993123,
  302.8567578241669,
  2.0979514835892435e-07],
 [4.4871820733055605,
  0.017833250198700707,
  0.3477817009066425,
  219.71175966666016,
  4.677751321881246e-10],
 [24.70246586774637,
  0.01901443526182327,
  0.2190777218843283,
  594.8562976825185,
  7.3304453588775996e-06],
 [2.1111918387071404,
  0.0157690386554241,
  0.6740506741820645,
  12.082109999999922,
  3.561196856810305e-15],
 [6.214593586989554,
  0.025289945890292095,
  0.2316914785413903,
  282.9810023679504,
  0.00084533334071592],
 [2.898144070538324,
  0.020684828809588544,
  0.3193943636882804,
  119.71337729494108,
  0.03707208642028252],
 [26.434067085357285,
  0.022665862016156398,
  0.22872782826245538,
  546.0074664389166,
  0.000499869661405142],
 [4.390799325557371,
  0.019402365092423792,
  0.3036551758909012,
  161.90466249995254,
  2.356065648811836e-13],
 [13.254995103791508,
  0.03090449497964247,
  0.21934617461250633,
  191.17478628397262,
  0.1598740939983653],
 [21.513781979946753,
  0.025362322788070712,
  0.1926647270430535,
  455.87238966801175,
  0.009311801685242633],
 [21.24193839478333,
  0.022733413081174495,
  0.338644611421265,
  362.9074424324012,
  1.2813315542281895e-05],
 [15.407470513560979,
  0.02530670478515805,
  0.16786203784057666,
  348.119669585134,
  1.4099989743131993e-05],
 [17.590805707891636,
  0.02534464851596568,
  0.1737355353688342,
  368.5416639510757,
  0.000367180199914604],
 [8.942292095134404,
  0.008072249684219405,
  0.4119507372318602,
  124.8379175,
  2.5200904328838985e-19],
 [6.403137821339747,
  0.021172636200471943,
  0.4266586152403851,
  48.52366124885772,
  1.673278683578889e-11],
 [6.790170557593062,
  0.013283064702463543,
  0.2386277859836669,
  126.4760599337385,
  0.0007526140133460144],
 [4.773350288314825,
  0.01384057711116025,
  0.3815625443782011,
  21.1755175,
  1.5733551584707245e-19],
 [32.51015048266458,
  0.031079130522758215,
  0.26705421040053456,
  485.81942875,
  1.4436004228889866e-17],
 [5.960791755527058,
  0.01449596909091955,
  0.17721077093508344,
  123.07225288528844,
  1.3152839639475473e-05],
 [4.6243433836229615,
  0.0222512016144355,
  0.3199920999989934,
  12.424731249999873,
  7.378584732081208e-15],
 [18.762709919487307,
  0.02085787019634089,
  0.18706324986542883,
  269.2526719991761,
  0.0031135280206211046],
 [18.229663411447326,
  0.02472386607618656,
  0.31538162873922987,
  158.06914954283195,
  7.21886961058894e-08],
 [22.670433943332288,
  0.024477051985759814,
  0.46595818548989815,
  144.18048249929373,
  2.719182676760797e-12],
 [18.962999863636504,
  0.03170879055852477,
  0.4361004009059655,
  57.74738375,
  6.998330490564307e-25],
 [12.56956092589709,
  0.02260413239369182,
  0.0818484736532238,
  14.891439379523417,
  0.05612626663514795],
 [21.251425470715578,
  0.02580882353129845,
  0.4651853131759433,
  3.454395,
  2.5040318682480297e-21],
 [24.434307839943568,
  0.03562609889485715,
  0.14684375531528213,
  167.56619217747883,
  4.086181591022556e-05],
 [32.759144346820115,
  0.026910412658465485,
  0.6789227090637237,
  39.3713775,
  1.4322422503856002e-21],
 [29.511123088187077,
  0.026754618582042252,
  0.039024822177368204,
  0.23524549608313558,
  0.0033902673370418066],
 [52.70948409023638,
  0.025756073089457317,
  0.0813666082547124,
  96.4199036232066,
  0.29577352314511723]]
