[[8.967565449959288,
  0.01894587446308792,
  1.1153695978336606,
  9.592446889931434e-09,
  0.9999999999809084],
 [5.96932665136485,
  0.01406587130980607,
  0.933260967006054,
  8.957051816446372e-11,
  0.9999999999998925],
 [0.9069464613322546,
  0.0216032392338767,
  0.6243459469632328,
  0.011021328557552348,
  0.9999800026390657],
 [2.494193454881967,
  0.013483749856143167,
  0.7841755457014642,
  0.31705751572332525,
  0.9995906724139927],
 [3.7952334030777246,
  0.023623002180398287,
  0.6031143359400377,
  4.19003712412733e-08,
  0.999999999947242],
 [0.6853063794479726,
  0.0064425162724138785,
  0.9149332735134231,
  0.8085085577254564,
  0.9988891193932927],
 [4.425068831509031,
  0.012037624394502993,
  0.5321248926224175,
  3.155758516179064e-05,
  0.9999999428481768],
 [2.190221583187627,
  0.008841097862945931,
  0.45020864839918406,
  0.0003467380574341668,
  0.9999974966976074],
 [2.8832281862109412,
  0.010277436634528422,
  0.4691338872009453,
  0.006365822820631593,
  0.9999915763371189],
 [5.638889578325306,
  0.011340419504790004,
  0.6830087642327592,
  0.13635954331333236,
  0.9997117945669326],
 [0.018076055171951988,
  0.006966666666666667,
  407.97047194564385,
  837.443385,
  2.5232045117633682e-76],
 [6.040207699802266,
  0.0077091165134523364,
  0.5351033856588752,
  0.009421162959580048,
  0.9999687105032663],
 [5.84161517727474,
  0.015172451466377742,
  0.48985475419077984,
  2.978307382475131e-05,
  0.9999998373800401],
 [7.260262276544939,
  0.011235960003926205,
  0.7315782419623629,
  0.36722290677829866,
  0.9995460154610176],
 [4.8148159982371865,
  0.011058124143284243,
  0.49334740572449554,
  0.05907173625057976,
  0.9997982401485341],
 [7.18712537179474,
  0.015014446180112157,
  0.5260344942020777,
  0.03792494902516045,
  0.999917420058621],
 [4.787565044770956,
  0.011696506487679165,
  0.36936677314818145,
  2.1082155812345465e-10,
  0.9999999999996821],
 [1.861843110014312,
  0.014401382261938758,
  0.2380858484845403,
  0.02975690268856602,
  0.999956654347116],
 [3.192888234053241,
  0.014812732326878736,
  0.253586428478341,
  0.056289150187692934,
  0.999929023839082],
 [1.776474934574147,
  0.008175634741716049,
  0.1962640105568177,
  9.953592907858993e-05,
  0.9999997882327313],
 [8.35076480837796,
  0.01845948449427103,
  0.4620623181675097,
  8.684774239619442e-13,
  0.999999999999999],
 [2.369755514377121,
  0.011436682985507346,
  0.19646529230823276,
  0.0095873299197311,
  0.9999742756759726],
 [8.689741289508332,
  0.02132063469019335,
  0.42180342291904693,
  0.00022662717118706926,
  0.999999615455728],
 [7.85682882389462,
  0.014063180829077208,
  0.3859018901604466,
  7.765255374180437e-07,
  0.999999997756883],
 [6.816431400654978,
  0.01313889025702984,
  0.3350641420121954,
  0.0001267319175617057,
  0.9999996429594151],
 [3.5792377105355278,
  0.011938341224268404,
  0.1930050776197932,
  1.3621120886245774e-05,
  0.999999918229853],
 [2.8571188786936763,
  0.008476928405405025,
  0.16834272266027236,
  6.418299972306078e-06,
  0.9999999767995859],
 [2.6290843102292882,
  0.02516707963827444,
  0.14894555988805558,
  0.0017909183119229244,
  0.9999513008420249],
 [3.405329925271002,
  0.015452080326458994,
  0.17755827368560403,
  0.0005236223150644457,
  0.9999983968473739],
 [2.7730683941136145,
  0.02284666401940516,
  0.11225713903292454,
  0.0001757741249322881,
  0.9999990857429074],
 [0.02056332582599449,
  0.009767786314969829,
  218.85357538115395,
  587.10358,
  7.943686163535325e-57],
 [4.227227040983023,
  0.00936583124665186,
  0.1696370123395759,
  4.771813493898878e-10,
  0.9999999998427052],
 [8.159541264653209,
  0.015530263050032024,
  0.27418275992343155,
  0.00012479253919865874,
  0.9999997550033117],
 [4.204395229197059,
  0.01751444552696284,
  0.14189433659800352,
  2.2235314424081126e-06,
  0.9999999901759826],
 [11.498726559915726,
  0.023119760078660713,
  0.40926528275765345,
  0.0005996870261442617,
  0.9999986222079892],
 [4.407875215287146,
  0.019268280572368658,
  0.14004401617378467,
  0.0320302350996189,
  0.9999043344244585],
 [3.5897916472366247,
  0.016660505819640892,
  0.10145358732886771,
  0.004468365330618187,
  0.9999640752849553],
 [14.189296790656991,
  0.012356706864235402,
  0.6308765052821046,
  0.13079122401103108,
  0.9997078114842963],
 [5.507835460797375,
  0.020316855925037777,
  0.16344493472576596,
  0.0017572524681117555,
  0.9999883238909187],
 [4.28741276706414,
  0.019530865630277738,
  0.10884168652719131,
  0.0003777416166038967,
  0.9999908087903904],
 [3.2482244724571805,
  0.010393052082304254,
  0.06290470470528198,
  8.777283934189895e-05,
  0.9999994745056853],
 [8.812705471653457,
  0.010903089010847045,
  0.529733039544286,
  0.1658882901801711,
  0.9993487301085101],
 [3.2505865229550963,
  0.01604224089734502,
  0.13061317303454326,
  0.07618895085236473,
  0.9997694390528264],
 [7.327462543431295,
  0.014179840207157679,
  0.19977347764385758,
  6.211083406924204e-07,
  0.9999999986327254],
 [5.8198776727746475,
  0.012625591790073623,
  0.11222200277836993,
  9.133678894935197e-05,
  0.9999910065571073],
 [4.549864335608563,
  0.005785158746376611,
  0.056959706683654146,
  0.011993963298536994,
  0.9999831320471632],
 [8.154793878696633,
  0.015658678455358975,
  0.19830133424885435,
  9.658935418097302e-05,
  0.9999994901012922],
 [6.348500326241878,
  0.007499470771202728,
  0.205804837373939,
  0.12639377895363785,
  0.9997966682496662],
 [5.944298745359278,
  0.014223600730510492,
  0.10984397727427801,
  6.325982785802161e-09,
  0.9999999871460652],
 [6.996901692382243,
  0.015433229086821282,
  0.1429860677924336,
  5.706409634933401e-07,
  0.999999974493889],
 [6.097616275892294,
  0.02089837211688275,
  0.17243540168335564,
  0.054947697385939895,
  0.9998001466422427],
 [5.432078369972669,
  0.01024176561482221,
  0.15406847925821576,
  0.06015860738703449,
  0.9998057146153053],
 [12.436534674122505,
  0.013968705270573097,
  0.4007114499770265,
  0.014033741065494897,
  0.9998826624492247],
 [5.49627603358736,
  0.006813217012912015,
  0.058104649358475986,
  2.0372630942178824e-09,
  0.9999999999973702],
 [4.229467164753901,
  0.012032953835256845,
  0.07481570549825832,
  0.04444924911921134,
  0.9998240922460282],
 [6.539570772371822,
  0.015768194104265033,
  0.07747227402287414,
  4.467258456471843e-07,
  0.9999999965201147],
 [10.542091413216738,
  0.020792971768230386,
  0.2386020120821294,
  9.339386415956672e-12,
  0.9999999999999618],
 [9.182961968957693,
  0.012023435813556322,
  0.17907109874959867,
  7.950540269411678e-12,
  0.9999999999999861],
 [0.0, 0.0, 0.0, 0.0, 0.9995093849596297],
 [9.358489461372518,
  0.012683748270892371,
  0.1718352497127935,
  0.0005862397662056233,
  0.9999992187781707],
 [5.7773041423688545,
  0.010389568505279457,
  0.07287090546847601,
  0.008754576546979965,
  0.9998485765158976],
 [7.800016242115988,
  0.013117267556068287,
  0.10440975812403207,
  0.0003104460239432795,
  0.999999504402076],
 [7.486936249867559,
  0.014384085099511307,
  0.10101109922513207,
  0.026485558030875437,
  0.9999428941268388],
 [11.480344818044244,
  0.020712277150255365,
  0.20910131338473148,
  2.147290688051958e-05,
  0.9999997622158663],
 [9.342341275126156,
  0.011676655168494351,
  0.10630434668836712,
  2.7451744365073583e-06,
  0.999999996421488],
 [7.550447534063764,
  0.028942609928062656,
  0.09849284781121191,
  0.047716352844373616,
  0.9998599130583511],
 [3.8988974162633925,
  0.007065603071386395,
  0.09909972990025884,
  0.08948214840505121,
  0.9994352977344899],
 [7.54736125033756,
  0.014754037362591826,
  0.1098563995429703,
  0.04052426919405684,
  0.9997696389683094],
 [6.8552030681468725,
  0.013982576963806045,
  0.13298252990088721,
  0.005843944143291804,
  0.9996138462090306],
 [9.728122931992246,
  0.005982702662253089,
  0.05586392362643415,
  7.881223979796636e-05,
  0.9999982254166959],
 [11.970137210887938,
  0.01634634430084697,
  0.14240307725175852,
  5.884665110514897e-11,
  0.999999999999892],
 [11.794218673948944,
  0.012674495298493715,
  0.12748208353788368,
  0.010865169601785707,
  0.999972160658275],
 [18.676200841013646,
  0.01909904132472911,
  0.3821393115609081,
  0.0076949709335465835,
  0.9999858431700028],
 [11.403960711036687,
  0.01378977334311638,
  0.16340453104074384,
  0.024969996873966505,
  0.9998039040741408],
 [14.017740857653664,
  0.019029389506468316,
  0.1855898098978449,
  0.0023745341846137078,
  0.9999945360210281],
 [12.213236735605538,
  0.014115101294502995,
  0.07141990360778272,
  3.7569863405518073e-07,
  0.9999999936188879],
 [9.266023883954881,
  0.02598186839103052,
  0.1066403949542541,
  0.18594672180693855,
  0.999659000545397],
 [14.858139968748684,
  0.012374740537257605,
  0.1662107592611797,
  2.4862701713209356e-05,
  0.9999999521983852],
 [12.173388758655566,
  0.01066892572888011,
  0.12907850038219282,
  0.10229056215399537,
  0.9998041742569048],
 [13.491439967973475,
  0.019767244627896793,
  0.15814670694469335,
  0.015644711685666512,
  0.9998482103973839],
 [6.584718522879659,
  0.012830155226406265,
  0.07143305799947385,
  0.022073376702661157,
  0.9993775793889873],
 [11.26664138498527,
  0.017510309841756704,
  0.043882882754462955,
  0.00892802267765761,
  0.9998515597290745],
 [12.817247727680083,
  0.01480691305297276,
  0.18963650739433027,
  0.15693416338703323,
  0.999639572709277],
 [12.275606690160465,
  0.01319579949049986,
  0.10644644082285411,
  0.1505011847463305,
  0.9998041592577022],
 [16.92816292466014,
  0.015878383220977316,
  0.18389424509481342,
  2.854932951430701e-07,
  0.9999999897265718],
 [15.201711019812198,
  0.011583758698401331,
  0.10846996001332683,
  1.1670710363505648e-08,
  0.9999999617871526],
 [5.146661022437281,
  0.016421059841228457,
  0.2953626700379356,
  0.26448932292936,
  0.9985050348564227],
 [10.665948584131097,
  0.03285473456306242,
  0.07144123695723906,
  0.038819305470485836,
  0.9995992768398503],
 [8.948812827682515,
  0.006751777075852202,
  0.035093396350792706,
  0.25780666927981977,
  0.9995062056740907],
 [5.074402834278352,
  0.02228192977603966,
  0.14817497044034275,
  0.5247142452577581,
  0.9988365628487775],
 [1.3761287495392018,
  0.016305530338746335,
  0.10848611272560355,
  0.20511360214338853,
  0.9984108586646046],
 [1.4052211257786809,
  0.013914793362249342,
  0.2502256837794701,
  0.39015521118632707,
  0.9979298295463278],
 [17.494692060966226,
  0.012062628523890931,
  0.05783481344307902,
  3.4607480666875263e-06,
  0.9999999934012308],
 [16.542706492378855,
  0.0056922943564039164,
  0.06129317869906202,
  0.019715444788644003,
  0.999882479096837],
 [16.053005635730422,
  0.008121237628048388,
  0.07269294612207036,
  0.0008508518020617677,
  0.9997376815240067],
 [7.099669374710348,
  0.012118056021108398,
  0.06104203150169119,
  0.09323329803851611,
  0.9987789705054807],
 [17.79654621976929,
  0.019034585449862043,
  0.07079600977041978,
  0.03100762653087597,
  0.9998354896040181],
 [10.969370224713805,
  0.007707993466766763,
  0.5453141978469853,
  1.058687700485201,
  0.9977341889270896],
 [10.182574429702182,
  0.019140701886509664,
  0.21001930858801177,
  0.4287204135255689,
  0.9985116214174844],
 [3.6593583212790652,
  0.008400029042967359,
  0.14368489099565845,
  0.033471829042596025,
  0.9980043919501413]]
