[[10.951324818474738,
  0.018123073272828655,
  1.9231861527657077,
  0.010311334078906057,
  0.999980219206375],
 [3.064949219553345,
  0.011500575042737217,
  1.3106196536111776,
  0.0007730130608720742,
  0.9999983112055008],
 [0.4837562323750124,
  0.013976386231267394,
  1.248886524498145,
  0.08362003043147755,
  0.9998647236980149],
 [2.899836420328428,
  0.009403054899656546,
  1.322324375398921,
  0.04962035449237104,
  0.9998899899800202],
 [1.7025394358657304,
  0.010791476190449066,
  0.9279727387755383,
  0.00011182278047617773,
  0.9999998618809508],
 [9.633928383287216,
  0.0195541141399304,
  1.161588813544205,
  0.0023621119104246576,
  0.9999930926377041],
 [1.4904503742395443,
  0.00885988911770165,
  0.7725091486482504,
  9.073721464752886e-05,
  0.9999998794395552],
 [1.450189124144276,
  0.011476965282236856,
  0.7630939453332399,
  0.6562075204728375,
  0.999160429367688],
 [2.6262133234929546,
  0.008317291155053773,
  0.4166025731699031,
  0.029217589685319182,
  0.9999603899614977],
 [0.3136561571934473,
  0.00889477436534881,
  0.6822910742042942,
  0.8965382330096283,
  0.99880300568938],
 [3.8470295647454265,
  0.014145908352006104,
  0.5377352798883662,
  0.47871828210038125,
  0.9994219225408874],
 [2.4919617371918434,
  0.010876930450893515,
  0.5311159233541823,
  0.09851952775925125,
  0.9994535959610278],
 [0.03321755633107119,
  0.011263603617086563,
  305.23801221683556,
  792.6319425,
  2.3577719340728817e-40],
 [5.401507557206039,
  0.017656486236315442,
  0.3658909472584401,
  0.002710654769578422,
  0.9999635314019085],
 [0.604482436394179,
  0.013115499815200252,
  0.6919424557743002,
  1.159786406783489,
  0.9982705170334809],
 [6.010017785546292,
  0.010354918842984246,
  0.3909079271143727,
  0.22730667832306892,
  0.9995679413463358],
 [5.079467518687627,
  0.013220416146838438,
  0.2500039199439159,
  0.06045920757864941,
  0.9999148684710836],
 [8.576250305219412,
  0.011417764052440408,
  0.24620377481456357,
  0.0004157866663173092,
  0.9999500876558401],
 [5.71939514892483,
  0.01245325042484731,
  1.1620869594820329,
  0.764657361725748,
  0.9966086422199577],
 [5.247882976222347,
  0.014208162759401757,
  0.3376013081389007,
  0.47239081969238605,
  0.999270863280499],
 [7.943563907118358,
  0.011607850507833459,
  0.2421362008022295,
  0.2012649724359164,
  0.9997074603752152],
 [7.330313282588239,
  0.01686241781477766,
  0.18450003419486943,
  0.10303375852228064,
  0.9998347852448096],
 [12.71351355988729,
  0.013751236056295621,
  0.28811532100625287,
  0.11705124420622715,
  0.9998338862030092],
 [4.450270862693727,
  0.00827310791596096,
  0.1253876718954346,
  0.26100017286977834,
  0.9995171280800351],
 [10.967644958471874,
  0.011833193906903195,
  0.15768926180434412,
  0.001257953297631365,
  0.9999981608038061],
 [4.121482843508412,
  0.011220222158611246,
  0.8978480176531428,
  1.4522938261644425,
  0.996728520271265],
 [19.680986647670668,
  0.010121611261782414,
  0.37841129688688896,
  0.16152732507082124,
  0.9997307165457119],
 [11.562656906255576,
  0.0058147451875881825,
  0.0865034033561171,
  0.15379584565412927,
  0.999670653386127],
 [23.540761865251145,
  0.008411093898397528,
  0.3426505640830487,
  0.01321331613501755,
  0.9999655656201045],
 [14.433640249908972,
  0.005661682869134694,
  0.050548634790186335,
  0.0008262086701509547,
  0.9999944898335054],
 [26.54393407780182,
  0.007293585800495295,
  0.41499664204253117,
  2.3850234498355157e-06,
  0.9999999971139536],
 [8.786937313695603,
  0.008010591921206038,
  0.05781867141863464,
  0.2961167874434869,
  0.999302140244089],
 [9.986486989345865,
  0.00715033929225266,
  0.1218281675514326,
  0.36988870597892504,
  0.9991128627847441],
 [14.359609990610767,
  0.012670535830649355,
  0.08233525568851592,
  0.029706750605849756,
  0.9995631509858176],
 [4.4808979348948625,
  0.006667548088811841,
  0.4257083626946934,
  1.6852743513464257,
  0.9974438193339026],
 [15.897614932610187,
  0.009293368058740502,
  0.056236755920177385,
  0.07707523202165638,
  0.9997079943247886],
 [2.2070193238141114,
  0.008378098394425488,
  0.1842315692455642,
  1.0052601734481146,
  0.9977004146808921],
 [9.983567105730833,
  0.013116675942593704,
  0.105334227918001,
  0.6346902286865577,
  0.9984793206650545],
 [16.636469244232746,
  0.006549878349176082,
  0.04576232683894888,
  0.038931108086007915,
  0.999335194781286],
 [19.52638849290796,
  0.005527000973146266,
  0.027691782180602385,
  0.19336039595166607,
  0.9995476588926954],
 [6.125324715551641,
  0.00899587674218265,
  0.08044345349512627,
  0.5824891065215284,
  0.9978171953187596],
 [31.580875615421252,
  0.005862684248270751,
  0.1488089673416141,
  0.006085495777550501,
  0.9999841286313079],
 [33.24506385582097,
  0.00837278916612132,
  0.3239708776075779,
  0.0617862013196395,
  0.9995048370953853],
 [22.005921370889173,
  0.012755826659799335,
  0.12120476490750927,
  0.4396230996607069,
  0.9988008763030279],
 [40.08606012736573,
  0.009218823908512091,
  0.30210583494169085,
  2.2905972133957807e-05,
  0.9999999407094379],
 [5.949806399991603,
  0.014620428045268656,
  0.08708838017555239,
  1.02276539821222,
  0.9970706377933303],
 [37.16426942851406,
  0.014772376705613773,
  0.25392478680607056,
  0.21560479824495896,
  0.9994195900280244],
 [17.234895171204705,
  0.02028702190843254,
  0.04914525829990949,
  0.6408286827267484,
  0.9980632466627694],
 [7.910900359733556,
  0.01447969130237696,
  0.08709088271615462,
  0.9485296181932324,
  0.9968525914065313],
 [11.107782019517526,
  0.01925930542837813,
  0.8648531426505203,
  3.6398076342656234,
  0.9945632548044098],
 [0.0, 0.0, 0.0, 0.0, 0.996263368609717],
 [14.327634781671138,
  0.001,
  0.006053977332622645,
  0.002730522704790717,
  0.9975327479393833],
 [28.759122051017908,
  0.006473353910393682,
  0.041117475958474196,
  0.1140078092143616,
  0.9988497025265413],
 [50.76859235941088,
  0.011191174757798121,
  0.35328065430590244,
  0.00019821488673489167,
  0.9999995481916727],
 [17.61241194554139,
  0.017922660941864392,
  0.1091476486099039,
  0.8796885430046905,
  0.9971411656872745],
 [3.541091937150065,
  0.014913485632206366,
  1.3007795448246908,
  6.049344407172733,
  0.9917443366669364],
 [13.555506991866606,
  0.0170605475095143,
  0.8072535358339356,
  3.2185088619504025,
  0.9941940549713778],
 [9.007574535396898,
  0.018388826807089198,
  1.5654532096204519,
  5.6998075631560114,
  0.9907056817492044],
 [56.929077859095855,
  0.014156115999457066,
  0.24419685046059386,
  0.12522157821772084,
  0.9997901555711419],
 [57.53911990947374,
  0.00956191312410677,
  0.09648972901668053,
  0.007256700756727204,
  0.9999841932351021],
 [7.325954750110836,
  0.015717235831945037,
  0.14439905804616296,
  2.0658721625852383,
  0.9945993329413895],
 [15.980772347577984,
  0.00717651129826674,
  0.052851766166453956,
  0.38592762451529555,
  0.9955161465951945],
 [36.29073970631209,
  0.0075288576259840735,
  0.394000369153843,
  1.7042333284126436,
  0.9963051431184761],
 [35.630968489336,
  0.008745903194444613,
  0.08111999698032595,
  0.24619393081298913,
  0.9969462605985239],
 [69.27763982228072,
  0.006232023416483367,
  0.15394194646840123,
  0.00016695134260986773,
  0.9999997018495245],
 [66.31753048850115,
  0.008572807448539301,
  0.09135699195477373,
  0.010676342817375789,
  0.9998984860537757],
 [2.4097160746926707,
  0.008687075722855894,
  0.1771647173177019,
  3.0532452235953222,
  0.9931279751948908],
 [11.682467640060658,
  0.013023986770282256,
  0.12468514120092293,
  2.2200854272738386,
  0.9941732790834749],
 [4.177977598524154,
  0.00863269919938293,
  0.21945404673848573,
  4.3868898657645055,
  0.9929351837519905],
 [25.440193974685496,
  0.02206986184179459,
  0.06384482796489858,
  0.4743830759280843,
  0.9952946337601097],
 [53.39868765104159,
  0.026478191372645215,
  0.19571209327551406,
  2.2017395958069583,
  0.9972651819788387],
 [0.9301874434784076,
  0.006632689612079199,
  0.5754412654819692,
  6.224434739457315,
  0.9904527943256822],
 [17.744267903900596,
  0.022382300446254534,
  0.06218734700836299,
  0.6496331051112694,
  0.9936129194582323],
 [35.58420820622382,
  0.010915489280983475,
  0.07364529499112447,
  0.5362779419533574,
  0.9952018574979283],
 [89.3946342455629,
  0.009895751529492623,
  0.2548512853399331,
  0.004739555624333318,
  0.9999890393256894],
 [23.054735687528954,
  0.010553706451937726,
  0.0882351516588027,
  2.6783722789349342,
  0.9936800057160132],
 [7.462856311356071,
  0.00915210919260536,
  0.4124161397565032,
  7.215611992919001,
  0.9905476358871798],
 [10.427278945402783,
  0.01397856847718815,
  0.22887041539033845,
  1.1023238524270844,
  0.9912957902102987],
 [2.816733077753879,
  0.00864922343162601,
  0.10394134115384737,
  2.2128373893681412,
  0.9908500564570775],
 [45.766678067510725,
  0.005115283046512272,
  0.2826502705097111,
  2.2958522677203037,
  0.9945421528415005],
 [4.359140356532121,
  0.009952438870105437,
  1.5957697805354492,
  8.554071537105253,
  0.9858177263817007],
 [3.171712891942421,
  0.01863529389043027,
  1.0794417548662225,
  5.530657545428939,
  0.986907459234051],
 [14.692073356435078,
  0.019319263553964294,
  0.03920713810775331,
  1.4726808768063953,
  0.9908608258804384],
 [103.90920946025189,
  0.002481849483283785,
  0.008402319853810241,
  0.0033095921347993875,
  0.9994199810220236],
 [89.20727024313827,
  0.013453338837943479,
  0.2597050829753536,
  0.5818747128410647,
  0.9968959142318699],
 [77.07193232969777,
  0.01596003901037424,
  0.13944070909075854,
  1.299688530494333,
  0.99565947242502],
 [52.4905131282114,
  0.014130873227863857,
  0.2445795257002423,
  1.9446011274490644,
  0.9926421703579736],
 [0.0, 0.0, 0.0, 0.0, 0.987699081009154],
 [5.719666344075584,
  0.003961113365457518,
  0.14053232093809653,
  4.707620721569502,
  0.9877754409353005],
 [4.045099148469536,
  0.010925086049004457,
  0.06115901790953473,
  0.6474084752820907,
  0.9875160376783205],
 [0.0, 0.0, 0.0, 0.0, 0.9870105779136246],
 [3.4326275634501506,
  0.013672487361363466,
  0.0616106236496725,
  2.957715991487169,
  0.9867940498213733],
 [18.30324844895776,
  0.011230757572113219,
  0.22919909159412905,
  4.441279807073406,
  0.987653351971971],
 [127.80929808435899,
  0.013084728860416584,
  0.02031046975945721,
  0.10886635349882949,
  0.9992130954827468],
 [31.926618128351606,
  0.01889393177204546,
  0.121485983433422,
  4.7963848929870165,
  0.9885544475674496],
 [10.395818246012142,
  0.007224572409806513,
  0.032492266494186954,
  0.20158691485182717,
  0.9860403373847101],
 [12.50018048781227,
  0.007258599400778746,
  0.033661350990843,
  0.19500712982046733,
  0.9860192624888672],
 [7.995264725092761,
  0.007712547441120019,
  0.023223964323370278,
  0.13750649168722578,
  0.9855540338552488],
 [109.54471751468118,
  0.01170168294866489,
  0.4389427754861461,
  4.199590178550979e-05,
  0.9940765833283186],
 [166.70959627495924,
  0.010294844139233247,
  0.13030387762915632,
  0.02746971231172186,
  0.9999488786416895]]
