[{	:decisions [0.11, 0.88, 6.93, 0.5, 94.55, 14.25, 1.37, 4.0, 37.71, 3.7, 0.15, 87967.1]
 	:objectives [5310.82846346082, 111.55688408035073, 2.835109475627416, 736724462.5, 2.0337179104166604e-30]
},
 {	:decisions [0.41, 0.89, 7.75, 0.45, 73.82, 42.5, 3.61, 2.93, 41.43, 16.17, 1.73, 91382.81]
 	:objectives [5953.622793485998, 138.8196464154844, 2.032364520603416, 765331033.7499999, 1.6801451940401729e-25]
},
 {	:decisions [0.63, 0.92, 2.3, 0.66, 8.94, 2.62, 3.83, 3.03, 27.02, 23.8, 0.63, 96099.34]
 	:objectives [11994.48904947478, 194.18623243378852, 1.7456035991106225, 804831749.4741015, 1.2985843278187955e-17]
},
 {	:decisions [0.29, 1.01, 3.76, 0.47, 6.49, 9.99, 1.51, 3.37, 25.03, 34.43, 0.39, 96055.5]
 	:objectives [20072.396551846192, 151.73257675193253, 1.8226266377225102, 804464445.420757, 3.836539670559144e-18]
},
 {	:decisions [0.12, 1.0, 7.54, 0.41, 1.58, 35.12, 2.41, 4.21, 37.36, 4.81, 0.82, 93726.39]
 	:objectives [8430.056471232267, 129.46313268172258, 1.683895173151234, 784958516.25, 0.0]
},
 {	:decisions [0.85, 1.0, 9.23, 0.48, 49.62, 48.35, 3.84, 0.68, 40.08, 14.05, 0.76, 87014.93]
 	:objectives [9727.704035985033, 125.35540484465518, 1.8986098176189072, 728750038.7499998, 2.5047994529905707e-27]
},
 {	:decisions [0.47, 1.08, 2.53, 0.49, 30.89, 13.99, 3.76, 0.99, 20.31, 19.6, 1.89, 98033.87]
 	:objectives [3214.7383065328577, 133.91060725322635, 1.349777900179229, 821033661.25, 0.0]
},
 {	:decisions [0.68, 0.88, 8.78, 0.63, 54.34, 29.69, 3.11, 3.12, 41.17, 12.19, 4.06, 53104.19]
 	:objectives [2557.7230642039904, 171.78176966317596, 2.710155363608104, 444747591.2499952, 2.4590843193953026e-20]
},
 {	:decisions [0.89, 0.83, 3.74, 0.63, 6.39, 48.25, 0.18, 4.54, 13.2, 30.07, 1.88, 98405.22]
 	:objectives [6600.907546686503, 134.186523275286, 1.2500607391002754, 824143266.7007592, 3.048843820458471e-16]
},
 {	:decisions [0.61, 0.93, 3.06, 0.56, 62.21, 25.94, 3.17, 3.07, 22.24, 30.28, 8.36, 96291.8]
 	:objectives [4319.692083701543, 209.00403432264733, 1.173913570276227, 804801186.3968116, 1.2668183387330195e-05]
},
 {	:decisions [0.26, 0.96, 6.55, 0.65, 62.55, 23.14, 3.94, 3.25, 23.24, 22.56, 1.22, 75414.02]
 	:objectives [6331.660021560364, 177.0820659763615, 1.7501794700745457, 631592417.4999822, 6.217050710521309e-23]
},
 {	:decisions [0.66, 0.83, 8.3, 0.66, 54.52, 48.35, 2.88, 0.96, 29.08, 46.51, 3.47, 92792.06]
 	:objectives [5891.368257244653, 151.2116518478862, 1.1529327417233475, 777133461.6538959, 2.78900547225097e-15]
},
 {	:decisions [0.62, 0.9, 4.86, 0.58, 70.09, 17.75, 0.9, 2.64, 32.08, 10.64, 4.14, 75593.58]
 	:objectives [1121.4022178922703, 97.59935018833788, 1.6571667998749384, 633096232.5, 0.0]
},
 {	:decisions [0.41, 0.94, 7.96, 0.64, 96.0, 42.55, 2.59, 0.22, 18.04, 0.2, 1.91, 99846.15]
 	:objectives [27782.94419565373, 137.951430846993, 1.0986571932742522, 836207604.0462618, 1.4716141190760764e-16]
},
 {	:decisions [0.88, 1.07, 3.8, 0.41, 95.89, 29.85, 3.54, 2.13, 37.42, 59.23, 1.33, 90894.36]
 	:objectives [14304.920568933638, 153.3030221127386, 1.2012113830099724, 761240157.0454375, 2.535736984749838e-18]
}]
