[['cdomga', 85.24743346437344,
            19.409944955425868,
            43.168723204901596,
            6.079380155972336,
            3.732131148620442,
            28.181072702080492,
            47.59611738153211,
            37.49442988275734,
            26.834268210638967,
            22.010252312470232,
            29.221339508083464,
            14.443493793616573,
            21.293089552903265,
            26.851062729835288,
            44.654643928242564,
            15.641086453226063,
            11.58914416603503,
            98.50141747867825,
            58.60921316473117,
            1479.7376406781268,
            12.668494898235442,
            99.78517070763445,
            18.309429526111174,
            16.67741357814883,
            8.22081844548688,
            243.3798748836194,
            781.9726202345767,
            3.653151666233959,
            9.32660596769691,
            27.88742012689594],
['de', 52662.69684725623,
        12302.904553440798,
        48413.70019684672,
        17435.93474988333,
        26870.065022504703,
        38196.38507087026,
        16077.372728580376,
        16212.462441590345,
        19312.5518928514,
        10486.189892755894,
        14038.553674709727,
        17008.03382516074,
        35013.226258112256,
        11869.14295485231,
        36980.12425300958,
        27667.88797109843,
        17281.328298521166,
        13581.2158522894,
        31222.02173186868,
        36898.26901692183,
        40199.022873471986,
        15620.115422814411,
        29975.898354654764,
        23769.39524290977,
        56131.161986704145,
        13281.376616614361,
        24367.364893549966,
        20501.73710218092,
        48012.28719638042,
        17827.523362297543],
['pso', 31631.016074909272,
         29908.966451322463,
         21988.765441280735,
         19959.545442853294,
         8842.150481783066,
         26594.73491523474,
         19873.434121523613,
         23521.871307461035,
         35590.175922554925,
         37097.58212589508,
         53133.34802827311,
         25142.151315334366,
         42869.44403747059,
         38041.6849856196,
         19928.439344694663,
         26745.141238657252,
         22636.96023345161,
         22122.692623645322,
         28809.34338946761,
         43237.93752584108,
         35898.62680098827,
         23166.660943935472,
         21225.086280167106,
         15871.169384026214,
         19751.307879794756,
         65558.24946409803,
         29493.275820195176,
         37084.56842489739,
         26791.166916681428,
         31355.180911401774],
['sampling', 115.37320956067836,
              261.3035895015712,
              315.01660261623584,
              146.42067734626147,
              304.08057901966833,
              686.9267277653198,
              519.4215399215306,
              125.60766343521529,
              1288.6423057579093,
              909.0112271292265,
              351.62379218436945,
              6604.8825229480435,
              170.46131656963811,
              667.9156688570527,
              362.07888472297066,
              2875.0609367709103,
              652.8898436472161,
              851.8207479875659,
              713.9970040496822,
              1437.0791781817286,
              67.34589359049441,
              393.26028534735747,
              7298.8777201949615,
              490.694078722643,
              1767.2012396052805,
              2516.5330607043775,
              1314.7619527574702,
              236.97073981559654,
              747.9774884807671,
              785.6672491965717]]