entropic2_0_11.txt
0.0	1.0	1.0	1.0	1.0
entropic2_0_13.txt
0.0	1.0	1.0	1.0	1.0
entropic2_0_5.txt
0.0	1.0	1.0	1.0	1.0
entropic2_0_7.txt
0.0	1.0	1.0	1.0	1.0
entropic2_0_9.txt
0.0	1.0	1.0	1.0	1.0
entropic_0_11.txt
0.0	1.0	1.0	1.0	1.0
entropic_0_13.txt
0.0	1.0	1.0	1.0	1.0
entropic_0_5.txt
0.0	1.0	1.0	1.0	1.0
entropic_0_7.txt
0.0	1.0	1.0	1.0	1.0
entropic_0_9.txt
0.0	1.0	1.0	1.0	1.0
kd_0_11.txt
0.0	1.0	1.0	1.0	1.0
kd_0_13.txt
0.0	1.0	1.0	1.0	1.0
kd_0_5.txt
0.0	1.0	1.0	1.0	1.0
kd_0_7.txt
0.0	1.0	1.0	1.0	1.0
kd_0_9.txt
0.0	1.0	1.0	1.0	1.0
pca_0_11.txt
0.0	1.0	1.0	1.0	1.0
pca_0_13.txt
0.0	1.0	1.0	1.0	1.0
pca_0_5.txt
0.0	1.0	1.0	1.0	1.0
pca_0_7.txt
0.0	1.0	1.0	1.0	1.0
pca_0_9.txt
0.0	1.0	1.0	1.0	1.0
